[gd_scene load_steps=9 format=3 uid="uid://dlds23heox1ma"]

[ext_resource type="PackedScene" uid="uid://cbjvh1yjabxob" path="res://assets/platform/tiles/tileLarge_desert.gltf.glb" id="1_wi7rs"]
[ext_resource type="PackedScene" uid="uid://4nhrd64b1pdi" path="res://assets/platform/tiles/tileHigh_desert.gltf.glb" id="2_xvguv"]
[ext_resource type="PackedScene" uid="uid://fexjuymc5mbd" path="res://assets/platform/detail_desert.gltf.glb" id="3_oqd70"]
[ext_resource type="PackedScene" uid="uid://cqdu2g10kslxn" path="res://assets/platform/tree_desert.gltf.glb" id="4_umg8i"]
[ext_resource type="PackedScene" uid="uid://drd0hwuh7rad5" path="res://dash/character.tscn" id="5_mt2so"]

[sub_resource type="ProceduralSkyMaterial" id="ProceduralSkyMaterial_qmcj5"]
sky_horizon_color = Color(0.64625, 0.65575, 0.67075, 1)
ground_horizon_color = Color(0.64625, 0.65575, 0.67075, 1)

[sub_resource type="Sky" id="Sky_fm38k"]
sky_material = SubResource("ProceduralSkyMaterial_qmcj5")

[sub_resource type="Environment" id="Environment_xhgwa"]
background_mode = 2
sky = SubResource("Sky_fm38k")

[node name="PlatformerScene" type="Node3D"]

[node name="WorldEnvironment" type="WorldEnvironment" parent="."]
environment = SubResource("Environment_xhgwa")

[node name="DirectionalLight3D" type="DirectionalLight3D" parent="."]
transform = Transform3D(-0.866023, -0.433016, 0.250001, 0, 0.499998, 0.866027, -0.500003, 0.749999, -0.43301, 0, 0, 0)
shadow_enabled = true

[node name="map" type="Node3D" parent="." groups=["navigation_mesh_source_group"]]

[node name="tileLarge_desert_gltf" parent="map" instance=ExtResource("1_wi7rs")]

[node name="tileLarge_desert_gltf2" parent="map" instance=ExtResource("1_wi7rs")]
transform = Transform3D(1, 0, 0, 0, 1, 0, 0, 0, 1, 6, 0, -2)

[node name="tileLarge_desert_gltf3" parent="map" instance=ExtResource("1_wi7rs")]
transform = Transform3D(1, 0, 0, 0, 1, 0, 0, 0, 1, 0, 0, -6)

[node name="tileLarge_desert_gltf4" parent="map" instance=ExtResource("1_wi7rs")]
transform = Transform3D(-1, 0, -8.74228e-08, 0, 1, 0, 8.74228e-08, 0, -1, 6, 0, -8)

[node name="tileLarge_desert_gltf6" parent="map" instance=ExtResource("1_wi7rs")]
transform = Transform3D(1, 0, 0, 0, 1, 0, 0, 0, 1, -6, 0, -5)

[node name="tileLarge_desert_gltf7" parent="map" instance=ExtResource("1_wi7rs")]
transform = Transform3D(1, 0, 0, 0, 1, 0, 0, 0, 1, -6, 0, 1)

[node name="tileHigh_desert_gltf" parent="map" instance=ExtResource("2_xvguv")]
transform = Transform3D(1, 0, 0, 0, 1, 0, 0, 0, 1, -3, 0, -1)

[node name="tileHigh_desert_gltf3" parent="map" instance=ExtResource("2_xvguv")]
transform = Transform3D(1, 0, 0, 0, 1, 0, 0, 0, 1, 0, 0, -7)

[node name="tileHigh_desert_gltf4" parent="map" instance=ExtResource("2_xvguv")]
transform = Transform3D(1, 0, 0, 0, 1, 0, 0, 0, 1, 1, 0, 1)

[node name="tileLarge_desert_gltf8" parent="map" instance=ExtResource("1_wi7rs")]
transform = Transform3D(1, 0, 0, 0, 1, 0, 0, 0, 1, 0, 0, 6)

[node name="tileLarge_desert_gltf9" parent="map" instance=ExtResource("1_wi7rs")]
transform = Transform3D(1, 0, 0, 0, 1, 0, 0, 0, 1, 6, 0, 4)

[node name="tileHigh_desert_gltf5" parent="map" instance=ExtResource("2_xvguv")]
transform = Transform3D(1, 0, 0, 0, 1, 0, 0, 0, 1, 5, 0, -5)

[node name="tileLarge_desert_gltf10" parent="map" instance=ExtResource("1_wi7rs")]
transform = Transform3D(1, 0, 0, 0, 1, 0, 0, 0, 1, -6, 0, 7)

[node name="tileHigh_desert_gltf6" parent="map" instance=ExtResource("2_xvguv")]
transform = Transform3D(1, 0, 0, 0, 1, 0, 0, 0, 1, -3, 0, 3)

[node name="detail_desert_gltf2" parent="map" instance=ExtResource("3_oqd70")]
transform = Transform3D(0.258819, 0, 0.965926, 0, 1, 0, -0.965926, 0, 0.258819, -5.93185, 1, 5.48236)

[node name="detail_desert_gltf3" parent="map" instance=ExtResource("3_oqd70")]
transform = Transform3D(-4.37114e-08, 0, -1, 0, 1, 0, 1, 0, -4.37114e-08, 6, 1, -2)

[node name="detail_desert_gltf4" parent="map" instance=ExtResource("3_oqd70")]
transform = Transform3D(-0.707107, 0, 0.707107, 0, 1, 0, -0.707107, 0, -0.707107, -6, 1, -6)

[node name="tree_desert_gltf" parent="map" instance=ExtResource("4_umg8i")]
transform = Transform3D(1, 0, 0, 0, 1, 0, 0, 0, 1, -3.1, 1, -5)

[node name="tree_desert_gltf2" parent="map" instance=ExtResource("4_umg8i")]
transform = Transform3D(0.866025, 0, -0.5, 0, 1, 0, 0.5, 0, 0.866025, 2.9, 1, 5)

[node name="PlatformCharacter" parent="." instance=ExtResource("5_mt2so")]
transform = Transform3D(0.5, 0, 0, 0, 0.5, 0, 0, 0, 0.5, 0, 2.5, -1)

[node name="Camera3D" type="Camera3D" parent="."]
transform = Transform3D(-0.0348995, 0.706676, -0.706676, 0, 0.707107, 0.707107, 0.999391, 0.0246776, -0.0246776, -21.885, 21.35, -0.885)
fov = 20.0

[node name="Camera3D2" type="Camera3D" parent="."]
transform = Transform3D(-4.37114e-08, 0.5, -0.866026, 0, 0.866026, 0.5, 1, 2.18557e-08, -3.78552e-08, -13.08, 8.765, 1.055)
current = true
fov = 20.0
