[gd_scene load_steps=2 format=3 uid="uid://drhl5hq5jreoy"]

[ext_resource type="PackedScene" uid="uid://p1kht8vp5mn7" path="res://assets/character/Knight.glb" id="1_bt0na"]

[node name="PlayerRideScene" type="Node3D"]

[node name="Knight" parent="." instance=ExtResource("1_bt0na")]

[node name="Skeleton3D" parent="Knight/Rig" index="0"]
bones/1/position = Vector3(9.462559e-08, 0.48128262, -0.39688855)
bones/1/rotation = Quaternion(-0.05233592, 0.0012066803, -6.324933e-05, 0.9986288)
bones/2/rotation = Quaternion(1.8626451e-09, -5.86553e-11, -1.323489e-23, 1)
bones/3/rotation = Quaternion(0.052335817, -1.9376054e-10, 0.00012649129, 0.99862957)
bones/4/position = Vector3(0.21200736, 0.13413227, 1.1463177e-07)
bones/4/rotation = Quaternion(-0.3280619, -0.17763971, -0.798862, 0.4718464)
bones/5/rotation = Quaternion(2.921845e-08, -2.8715547e-08, -0.49286696, 0.87010473)
bones/7/rotation = Quaternion(-0.14218648, -0.42684907, -0.17046465, 0.8766555)
bones/8/position = Vector3(-4.3868653e-08, 0.096125126, -0.057499975)
bones/8/rotation = Quaternion(0.12751265, -0.0059294184, -0.50201166, 0.8553886)
bones/14/position = Vector3(-0.21200737, 0.13413239, 5.4271297e-08)
bones/14/rotation = Quaternion(-0.47954884, 0.13168815, 0.7511595, 0.43410912)
bones/15/rotation = Quaternion(-3.0082403e-09, 7.353939e-08, 0.59526765, 0.8035276)
bones/17/rotation = Quaternion(-0.0424276, -0.03865471, 0.123623736, 0.9906679)
bones/18/position = Vector3(1.2203673e-08, 0.096125185, -0.057500005)
bones/18/rotation = Quaternion(0.096332505, 0.19395863, 0.52306706, 0.8243185)
bones/21/rotation = Quaternion(0, 1.925159e-17, 1.110223e-16, 1)
bones/24/position = Vector3(0.14728989, 0.08435925, 0.022773515)
bones/24/rotation = Quaternion(0.75809896, 0.0147021515, -0.1311272, 0.6386514)
bones/25/rotation = Quaternion(0.5896323, 5.3284626e-08, -4.0652102e-07, 0.80767184)
bones/26/rotation = Quaternion(-0.62060446, 0.09371697, -0.016651304, 0.77832514)
bones/27/rotation = Quaternion(-2.8936562e-08, 0.9203548, -0.39108446, 6.811854e-08)
bones/28/position = Vector3(-0.14905043, 0.08431748, 0.02328072)
bones/28/rotation = Quaternion(0.7634224, -0.0379927, 0.07594449, 0.6402931)
bones/29/rotation = Quaternion(0.5924863, -6.545717e-08, 4.1728606e-07, 0.8055805)
bones/30/rotation = Quaternion(-0.6253611, -0.02726838, 0.0106323995, 0.77978647)
bones/31/rotation = Quaternion(2.9927914e-08, 0.9203549, -0.39108446, -6.9597405e-08)
bones/32/position = Vector3(0.30971888, 0.7759251, 0.21473837)
bones/32/rotation = Quaternion(0.70588344, 0.04157477, -0.04157505, 0.70588356)
bones/33/position = Vector3(0.21750778, 0.025990268, 0.24423334)
bones/33/rotation = Quaternion(-0.7058835, 0.04157494, 0.041574933, 0.7058835)
bones/34/position = Vector3(1.9458113e-08, 0.35124913, 0.22588003)
bones/34/rotation = Quaternion(4.5764748e-09, 0.39578277, 0.91834414, -6.909898e-10)
bones/35/position = Vector3(3.7529446e-09, 0.21343614, 0)
bones/35/rotation = Quaternion(-1.0404471e-07, 0.39108434, 0.92035484, -2.9517853e-08)
bones/37/rotation = Quaternion(1, -1.121438e-11, 1.9469789e-07, 2.3283064e-10)
bones/39/position = Vector3(-0.2554088, 0.77592516, 0.21092916)
bones/39/rotation = Quaternion(0.7071068, -3.823849e-08, 1.4500867e-07, 0.7071068)
bones/40/position = Vector3(-0.23306775, 0.025990268, 0.24281646)
bones/40/rotation = Quaternion(-0.7053473, -0.049851958, -0.04985195, 0.7053473)
bones/41/position = Vector3(1.945811e-08, 0.3512491, 0.22588003)
bones/41/rotation = Quaternion(3.2993677e-09, 0.39578274, 0.91834414, 4.2334536e-10)
bones/42/position = Vector3(-1.114822e-08, 0.21343614, -2.5094192e-15)
bones/42/rotation = Quaternion(-1.0549618e-07, 0.39108434, 0.92035484, -2.612294e-08)
bones/44/rotation = Quaternion(1, -3.7031018e-09, 1.946606e-07, -7.2102054e-16)
bones/46/position = Vector3(1.3427927, 1.0675246, -0.9267139)
bones/46/rotation = Quaternion(-0.7071068, -7.279511e-08, -7.279509e-08, 0.7071068)
bones/47/position = Vector3(0.46357012, 0.8524892, -0.3126634)
bones/47/rotation = Quaternion(0.5303025, 0.19397132, 0.7751513, 0.28336337)
bones/48/position = Vector3(-0.88333833, 0.9068636, -0.92671436)
bones/48/rotation = Quaternion(-0.7071068, -7.279511e-08, -7.279509e-08, 0.7071068)
bones/49/position = Vector3(-0.41836184, 0.8615522, -0.31689534)
bones/49/rotation = Quaternion(-0.2292973, 0.38462377, 0.8757165, -0.18057671)

[node name="1H_Sword_Offhand" parent="Knight/Rig/Skeleton3D" index="0"]
transform = Transform3D(-0.046268724, -0.13682556, 0.9895134, 0.9772853, 0.19888225, 0.0731976, -0.20681165, 0.97042435, 0.12451554, 0.40045705, 0.72309285, -0.21794426)
visible = false

[node name="Badge_Shield" parent="Knight/Rig/Skeleton3D" index="1"]
transform = Transform3D(-0.046269733, -0.13682565, 0.98951334, 0.9772858, 0.19887975, 0.073198296, -0.20680928, 0.9704249, 0.12451561, 0.5547077, 0.7345033, -0.19853413)
visible = false

[node name="Rectangle_Shield" parent="Knight/Rig/Skeleton3D" index="2"]
transform = Transform3D(-0.046269733, -0.13682565, 0.98951334, 0.9772858, 0.19887975, 0.073198296, -0.20680928, 0.9704249, 0.12451561, 0.5547077, 0.7345033, -0.19853413)
visible = false

[node name="Round_Shield" parent="Knight/Rig/Skeleton3D" index="3"]
transform = Transform3D(-0.046269733, -0.13682565, 0.98951334, 0.9772858, 0.19887975, 0.073198296, -0.20680928, 0.9704249, 0.12451561, 0.5547077, 0.7345033, -0.19853413)
visible = false

[node name="Spike_Shield" parent="Knight/Rig/Skeleton3D" index="4"]
transform = Transform3D(-0.046269733, -0.13682565, 0.98951334, 0.9772858, 0.19887975, 0.073198296, -0.20680928, 0.9704249, 0.12451561, 0.5547077, 0.7345033, -0.19853413)
visible = false

[node name="1H_Sword" parent="Knight/Rig/Skeleton3D" index="5"]
transform = Transform3D(0.0690168, 0.5496551, 0.8325352, 0.89023435, 0.34270364, -0.3000592, -0.45024168, 0.7618612, -0.4656698, -0.36373293, 0.7262381, -0.20082262)
visible = false

[node name="2H_Sword" parent="Knight/Rig/Skeleton3D" index="6"]
transform = Transform3D(0.0690168, 0.5496551, 0.8325352, 0.89023435, 0.34270364, -0.3000592, -0.45024168, 0.7618612, -0.46566984, -0.36373293, 0.7262381, -0.20082262)
visible = false

[node name="Knight_Helmet" parent="Knight/Rig/Skeleton3D" index="7"]
transform = Transform3D(0.9999971, -5.2386895e-09, 0.002416909, 5.204356e-09, 0.99999994, -7.450581e-09, -0.0024169085, 1.4901161e-08, 0.9999971, 4.7236864e-07, 1.2884045, -0.4561527)

[node name="Knight_Cape" parent="Knight/Rig/Skeleton3D" index="8"]
transform = Transform3D(0.9999971, -5.2386895e-09, 0.002416909, 5.204356e-09, 0.99999994, -7.450581e-09, -0.0024169085, 1.4901161e-08, 0.9999971, -4.5447686e-09, 1.2884045, -0.45615274)

[editable path="Knight"]
